14755762962645873
104940943259434093
257514786111396321
311944293140099863
634065620464635321
879395535926620951
882366102074601177
1056568637039207044
1097736625103597926
1112615540084330932
1503820662634606950
1594897034875718728
1756749621458781170
1962789575358510698
2003362294195129909
2108462625898302016
2295218988136287616
2583726265896348803
2697592957772998833
2757728812747834282
2806135079791965535
2888606214043866985
2974624749910377722
3059117846680824813
3097894566991986052
3247332227833562584
3271677847560508722
3298355032881453056
3411043341028409690
3636786335071147275
3639871818992854268
3653122521463783657
3719199549320042977
3860218141182066921
3966223685541671684
4194567346202452523
4589182467639820888
4809848926461502569
5225030029514196202
5249002409168077033
5329903153964358272
5505567195789427600
5538776673072331627
5565302335601218247
5635445675419022088
5780923745882026617
5819371697950119019
5853060676388095448
5879544227553152807
6108819317716592125
6124158056147018372
6130179344912958321
6151917838537231993
6188452169719255018
6212604648663796094
6221165132420686369
6383287152594859769
6407999252065252119
6420092564804701712
6520692415293776516
6689509751792012665
6730720703621137880
6890760414560560912
6933619992063054279
6953530944145831706
7160729306915131077
7325807764417777273
7577454715957130139
7598120305250032487
7662651210744611697
7712215768476444046
7798026028136994959
7872091581465775756
8121152419088911240
8169938942411946200
8178842017316973016
8515500890297746289
8531616727985910118
8569889663883046679
8610626495397328023
8632615316916901428
8778361859180740390
8910947120633750874
8934265632614010345
8939861251477438241
8996904235926766842
9088260816566587001
9098797674315301210
9175932944140293227
9350659971317998369
9351115264638737925
9366444023414934912
9429446136191248524
9466137088331793469
9600331491335874941
9620617573355295476
9695903327351281965
9751441994866959073
9785886709140656839
9798256860126257697
9831669097604520177
9848686391018694890
9851726279737088260
9875498991885995144
9970540558597276424
9973880610309259815
9986918888052101245
9989909120572819908
10162628814637220858
10232561029086378812
10315702341315293542
10358974441189637857
10393697896993578759
10406630025136162963
10426564220895293760
10457164271986775318
10681068539529643746
10738654420376037757
10796560755867166947
10846218948895174976
11031996560550530855
11044006349478737242
11078440570946004694
11321112788615441784
11354454827396493632
11433687520236064320
11495015030611807865
11514659298866515230
11547822868377144855
11562910878604747396
11564949541033649110
11580716300748211450
11726242086229986688
11756927970795607147
11769453796510174310
12457948664959767223
12611871638559336561
12767408090802078042
12779012456677674512
13081118334047489831
13113095343074578703
13168246283443336016
13340366230084721250
13397415767904190889
13504010401041912519
13543596906649569633
13643538262387650880
13643836389275668263
13649061348377462232
13711817358840254653
13956845275261531344
13981182943918198288
14033786276592992602
14288508361855969514
14380168034090961800
14673720156632487623
14761231720466162209
14808671293144909050
14881663765598958239
14988767772842757648
14996635306179340522
15399180293242977604
15482631065476866378
15724920685296110472
15769761902147873149
15813633628688922022
15879469428811451776
15988453009630841736
16157131471338604231
16268895416414270231
16288305102014074017
16363067436548597994
16489695928507463217
16555285243742016619
16631131592391659834
16901664581210481185
16919600467294188634
16952158595607154907
16958980198921932247
17009124658946703593
17025508994598998727
17148493772945005025
17486837638769170048
17531269421682422976
17688141831717792125
18034860464123779553
18127070814270492058
18196391248933500009
18287070675794049524
18308632485625431320
